                                program "scfpq"
                            columbus program system
             restricted hartree-fock scf and two-configuration mcscf

                   programmed (in part) by russell m. pitzer
                            version date: 30-sep-00

 This Version of Program SCFPQ is Maintained by:
    Hans Lischka
    Institute for Theoretical Chemistry
    University of Vienna
    Waeringerstr 17, A-1090 Wien, Austria
    Internet: hans.lischka@univie.ac.at



     ******************************************
     **    PROGRAM:              SCFPQ       **
     **    PROGRAM VERSION:      5.5         **
     **    DISTRIBUTION VERSION: 5.9.a       **
     ******************************************

 echo of the input file:
 ------------------------------------------------------------------------
 HF
  -15   9   0  -1   0   8   0   0   0  40  20   1   1   0   0   0  -1   0  11   0
    3   1   0   1
    2   2   2
    2
    2
    0.90000   0.10000   0.05000   0.00000    0    0
  (4f18.12)
    1
 ------------------------------------------------------------------------

workspace parameters: lcore=  32768000
 mem1=          0 ifirst=          1

HF                                                                              

scf flags
 -15   9   0  -1   0   8   0   0   0  40  20   1   1   0   0   0  -1   0  11   0
   2
 nsym=                        4 nbas=                       20 
                       10                        4                       10 
                        0                        0                        0 
                        0                        0                        0 
                        0                        0                        0 
                        0                        0                        0 
 ntot=                       44
 nsym=                        4 nbas=                       20 
                       10                        4                       10 
                        0                        0                        0 
                        0                        0                        0 
                        0                        0                        0 
                        0                        0                        0 
 ntot=                       44
input orbital labels, i:bfnlab(i)=
   1:H   1s     2:H   *s     3:H   *s     4:H   *pz    5:H   *pz    6:H   *d0 
   7:H   *d2+   8:F   1s     9:F   2s    10:F   *s    11:F   *s    12:F   2pz 
  13:F   *pz   14:F   *pz   15:F   *d0   16:F   *d0   17:F   *d2+  18:F   *d2+
  19:F   *f0   20:F   *f2+  21:H   *px   22:H   *px   23:H   *d1+  24:F   2px 
  25:F   *px   26:F   *px   27:F   *d1+  28:F   *d1+  29:F   *f1+  30:F   *f3+
  31:H   *d2-  32:F   *d2-  33:F   *d2-  34:F   *f2-  35:H   *py   36:H   *py 
  37:H   *d1-  38:F   2py   39:F   *py   40:F   *py   41:F   *d1-  42:F   *d1-
  43:F   *f3-  44:F   *f1-
bfn_to_center map(*), i:map(i)
   1:  1   2:  1   3:  1   4:  1   5:  1   6:  1   7:  1   8:  2   9:  2  10:  2
  11:  2  12:  2  13:  2  14:  2  15:  2  16:  2  17:  2  18:  2  19:  2  20:  2
  21:  1  22:  1  23:  1  24:  2  25:  2  26:  2  27:  2  28:  2  29:  2  30:  2
  31:  1  32:  2  33:  2  34:  2  35:  1  36:  1  37:  1  38:  2  39:  2  40:  2
  41:  2  42:  2  43:  2  44:  2
bfn_to_orbital_type map(*), i:map(i)
   1:  1   2:  1   3:  1   4:  2   5:  2   6:  4   7:  4   8:  1   9:  1  10:  1
  11:  1  12:  2  13:  2  14:  2  15:  4  16:  4  17:  4  18:  4  19:  6  20:  6
  21:  2  22:  2  23:  4  24:  2  25:  2  26:  2  27:  4  28:  4  29:  6  30:  6
  31:  4  32:  4  33:  4  34:  6  35:  2  36:  2  37:  4  38:  2  39:  2  40:  2
  41:  4  42:  4  43:  6  44:  6

SEWARD INTEGRALS                                                                

core potentials used

normalization threshold = 10**(-20)
one- and two-electron energy convergence criterion = 10**(- 9)

nuclear repulsion energy =     5.2207204594234

 fock matrix built from AO INTEGRALS
                        ^^^^^^^^^^^^
  ao integrals in MOLCAS format 
 in-core processing switched off

DIIS SWITCHED ON (error vector is FDS-SDF)

total number of SCF basis functions:  44

SEWARD INTEGRALS                                                                
HF                                                                              

 <<< Entering RdOne >>>
 rc on entry:            0
 Label on entry:  MLTPL  0
 Comp on entry:          1
 SymLab on entry:        1
 Option on entry:        6
 picked LabelMLTPL  0 Component                        1 currop= 
                        1
 Computed Symlab=                        1
  I will close the file for you!
 <<< Entering RdOne >>>
 rc on entry:            0
 Label on entry:  KINETIC 
 Comp on entry:          1
 SymLab on entry:        1
 Option on entry:        6
 picked LabelKINETIC  Component                        1 currop= 
                       12
 Computed Symlab=                        1
  I will close the file for you!
 <<< Entering RdOne >>>
 rc on entry:            0
 Label on entry:  ATTRACT 
 Comp on entry:          1
 SymLab on entry:        1
 Option on entry:        6
 picked LabelATTRACT  Component                        1 currop= 
                       13
 Computed Symlab=                        1
  I will close the file for you!
 <<< Entering RdOne >>>
 rc on entry:            0
 Label on entry:  ONEHAM  
 Comp on entry:          1
 SymLab on entry:        1
 Option on entry:        6
 picked LabelONEHAM   Component                        1 currop= 
                       15
 Computed Symlab=                        1
  I will close the file for you!
                330 s integrals
                330 t integrals
                330 v integrals
                330 c integrals
                330 h integrals

           starting vectors from diagonalization of one-electron terms

     occupied and virtual orbitals
SEWARD INTEGRALS                                                                
HF                                                                              

                         a1  molecular orbitals
      sym. orb.       1a1         2a1         3a1         4a1         5a1 
   1a1 ,H   1s     -0.018535    0.068999   -0.069230   -1.482316   -0.076800
   2a1 ,H   *s     -0.007473    0.023615   -0.072285    0.547289    0.097932
   3a1 ,H   *s      0.013518   -0.017143    0.036687    0.619811    0.073069
   4a1 ,H   *pz    -0.010226    0.018157   -0.035779   -0.115504   -0.004222
   5a1 ,H   *pz    -0.008648    0.027837   -0.056671   -0.092054   -0.026587
   6a1 ,H   *d0    -0.007936    0.008482   -0.027592   -0.045023    0.010665
   7a1 ,H   *d2+    0.000000    0.000000    0.000000    0.000000    0.000000
   8a1 ,F   1s      1.076871   -0.206641   -0.193345   -0.110508   -0.140156
   9a1 ,F   2s      0.120484    0.490643    0.565088    0.059236    0.058458
  10a1 ,F   *s     -0.116031    0.478838    0.476360    0.339930    0.465060
  11a1 ,F   *s     -0.059582   -0.278075   -0.157198   -0.214549   -0.717836
  12a1 ,F   2pz     0.003209   -1.660051    1.664722   -1.043162   -0.545836
  13a1 ,F   *pz    -0.016454    0.738467   -0.802039    0.887013    0.536493
  14a1 ,F   *pz    -0.002198    0.585196   -0.586504    0.431393    0.389357
  15a1 ,F   *d0     0.000870    0.014027   -0.006314   -0.156708    0.284631
  16a1 ,F   *d0     0.006107   -0.007157    0.027946   -0.297563    0.577767
  17a1 ,F   *d2+    0.000000    0.000000    0.000000    0.000000    0.000000
  18a1 ,F   *d2+    0.000000    0.000000    0.000000    0.000000    0.000000
  19a1 ,F   *f0    -0.002736   -0.001127   -0.007620    0.025055   -0.027548
  20a1 ,F   *f2+    0.000000    0.000000    0.000000    0.000000    0.000000

      orb. en.    -41.066536  -10.798714  -10.568515   -5.658676   -4.969009

      occ. no.      2.000000    2.000000    2.000000    0.000000    0.000000

      sym. orb.       6a1         7a1         8a1         9a1        10a1 
   1a1 ,H   1s      0.000000   -0.069475   -2.711324   -2.598507   -3.221701
   2a1 ,H   *s      0.000000    0.104332    0.233130    1.206150    5.613399
   3a1 ,H   *s      0.000000    0.091932    1.105707    1.402504    1.897556
   4a1 ,H   *pz     0.000000   -0.061066    0.057050   -0.129128   -0.129510
   5a1 ,H   *pz     0.000000    0.044628    0.105376    0.155898    1.730992
   6a1 ,H   *d0     0.000000   -0.051874    0.099231    0.020272    0.046070
   7a1 ,H   *d2+    0.014357    0.000000    0.000000    0.000000    0.000000
   8a1 ,F   1s      0.000000   -0.169167    0.029248   -0.151016   -0.179725
   9a1 ,F   2s      0.000000    0.154791   -0.186445   -0.371580   -0.239910
  10a1 ,F   *s      0.000000    0.624593   -0.288125    0.153566    0.415875
  11a1 ,F   *s      0.000000   -1.075316    1.121151    0.264989   -3.495777
  12a1 ,F   2pz     0.000000    1.160037    0.910855   -0.839660    0.648303
  13a1 ,F   *pz     0.000000   -1.236453   -1.028317    1.264545   -0.743517
  14a1 ,F   *pz     0.000000   -0.500108   -0.868969   -0.962047    2.432083
  15a1 ,F   *d0     0.000000   -0.082949    0.240651    0.146317   -0.091781
  16a1 ,F   *d0     0.000000   -0.143131    0.352746    0.265567   -0.097696
  17a1 ,F   *d2+    0.359773    0.000000    0.000000    0.000000    0.000000
  18a1 ,F   *d2+    0.765264    0.000000    0.000000    0.000000    0.000000
  19a1 ,F   *f0     0.000000   -0.008574    0.096599    0.133246    0.175046
  20a1 ,F   *f2+   -0.023044    0.000000    0.000000    0.000000    0.000000

      orb. en.     -4.967503   -4.817505   -3.446137   -2.936879   -2.629506

      occ. no.      0.000000    0.000000    0.000000    0.000000    0.000000

      sym. orb.      11a1        12a1        13a1        14a1        15a1 
   1a1 ,H   1s     -2.165050    0.000000   -2.666632    1.684314    0.000000
   2a1 ,H   *s      5.820409    0.000000   -0.109411   -5.346254    0.000000
   3a1 ,H   *s     -0.287274    0.000000   -0.254081   -0.435797    0.000000
   4a1 ,H   *pz     0.014030    0.000000   -0.114146   -1.090298    0.000000
   5a1 ,H   *pz     2.280143    0.000000   -2.246769   -1.338524    0.000000
   6a1 ,H   *d0     0.137311    0.000000   -0.012113   -0.382723    0.000000
   7a1 ,H   *d2+    0.000000    0.779128    0.000000    0.000000    0.062562
   8a1 ,F   1s      0.189528    0.000000    0.089990   -0.509513    0.000000
   9a1 ,F   2s      0.357445    0.000000    0.113925   -1.112511    0.000000
  10a1 ,F   *s     -0.307607    0.000000   -0.256806    0.641676    0.000000
  11a1 ,F   *s     -3.600352    0.000000    3.263712    4.367010    0.000000
  12a1 ,F   2pz    -0.701560    0.000000    0.840986    0.487081    0.000000
  13a1 ,F   *pz     1.422654    0.000000   -1.497525   -1.447085    0.000000
  14a1 ,F   *pz     1.792728    0.000000   -1.250238   -1.947006    0.000000
  15a1 ,F   *d0    -0.185921    0.000000    0.185976   -0.233227    0.000000
  16a1 ,F   *d0    -0.228043    0.000000    0.266080    1.009427    0.000000
  17a1 ,F   *d2+    0.000000   -0.215982    0.000000    0.000000   -0.985928
  18a1 ,F   *d2+    0.000000   -0.026926    0.000000    0.000000    0.772213
  19a1 ,F   *f0     0.209802    0.000000    0.200353    0.411527    0.000000
  20a1 ,F   *f2+    0.000000   -0.476403    0.000000    0.000000    0.437610

      orb. en.     -2.297129   -1.846954   -1.810301   -1.028600   -0.923203

      occ. no.      0.000000    0.000000    0.000000    0.000000    0.000000

      sym. orb.      16a1        17a1        18a1        19a1        20a1 
   1a1 ,H   1s     -1.452759    0.000000   -1.250170    4.555383   -3.375345
   2a1 ,H   *s     -1.510967    0.000000   -4.569234   -2.801671   -2.529249
   3a1 ,H   *s     -0.193567    0.000000    0.207488   -1.591970    1.819290
   4a1 ,H   *pz    -0.464836    0.000000    0.179699    0.827397   -1.941805
   5a1 ,H   *pz    -1.463952    0.000000   -3.333607   -0.932595   -1.940805
   6a1 ,H   *d0    -0.936576    0.000000   -0.990969   -0.759712   -1.488625
   7a1 ,H   *d2+    0.000000    0.707189    0.000000    0.000000    0.000000
   8a1 ,F   1s     -1.303993    0.000000    0.228122    0.684198    2.577991
   9a1 ,F   2s     -2.880154    0.000000    0.674917    1.909793    6.674002
  10a1 ,F   *s      1.869054    0.000000   -0.196110   -0.514806   -3.088826
  11a1 ,F   *s      4.929959    0.000000    4.956478   -1.268850   -0.460812
  12a1 ,F   2pz     0.246022    0.000000    0.355887   -0.559279    1.048456
  13a1 ,F   *pz    -1.234068    0.000000   -1.505085    0.379994   -3.313569
  14a1 ,F   *pz    -1.117494    0.000000   -2.583947    0.613115   -1.467994
  15a1 ,F   *d0     0.405999    0.000000   -0.772935    0.628250    0.215564
  16a1 ,F   *d0     0.263194    0.000000    1.336371   -1.108123    1.283724
  17a1 ,F   *d2+    0.000000    0.449828    0.000000    0.000000    0.000000
  18a1 ,F   *d2+    0.000000   -0.499038    0.000000    0.000000    0.000000
  19a1 ,F   *f0    -0.468236    0.000000   -0.040174    0.729446   -0.675452
  20a1 ,F   *f2+    0.000000    0.788720    0.000000    0.000000    0.000000

      orb. en.     -0.523172   -0.305193   -0.240742    1.162658    3.335263

      occ. no.      0.000000    0.000000    0.000000    0.000000    0.000000


                         b1  molecular orbitals
      sym. orb.       1b1         2b1         3b1         4b1         5b1 
   1b1 ,H   *px     0.003921    0.051060    0.011707    0.258328    0.136507
   2b1 ,H   *px     0.001447    0.062485   -0.021503    1.100742    0.344041
   3b1 ,H   *d1+    0.007516    0.033634    0.007948    0.207846    0.113544
   4b1 ,F   2px     2.343386   -1.022101   -1.426739    0.617136   -1.312989
   5b1 ,F   *px    -1.038618    1.008726    1.440148   -0.862992    1.878765
   6b1 ,F   *px    -0.780137    0.484819    0.777784   -0.505368   -1.041606
   7b1 ,F   *d1+   -0.010527   -0.278150    0.216793    0.223704    0.081652
   8b1 ,F   *d1+    0.000505   -0.588889    0.429117    0.433526    0.178375
   9b1 ,F   *f1+    0.000484    0.031160   -0.015009    0.108069    0.068094
  10b1 ,F   *f3+    0.000000    0.000000    0.000000    0.000000    0.000000

      orb. en.    -10.637387   -5.133744   -4.886504   -3.076629   -2.831377

      occ. no.      2.000000    0.000000    0.000000    0.000000    0.000000

      sym. orb.       6b1         7b1         8b1         9b1        10b1 
   1b1 ,H   *px     0.755658    0.000000   -0.003878   -0.971897   -0.568939
   2b1 ,H   *px    -0.730646    0.000000    0.391057    1.064189   -0.584850
   3b1 ,H   *d1+    0.441406    0.000000   -0.350553    0.700216   -1.309442
   4b1 ,F   2px     0.360730    0.000000   -0.168650    0.046737   -0.447463
   5b1 ,F   *px    -0.611889    0.000000    0.310723   -0.226756    0.903386
   6b1 ,F   *px     0.308182    0.000000   -0.228707   -0.441142    0.520819
   7b1 ,F   *d1+   -0.181645    0.000000   -1.022096   -0.162131    0.370226
   8b1 ,F   *d1+    0.382733    0.000000    0.784752    0.458871   -1.238317
   9b1 ,F   *f1+    0.485941    0.000000    0.110180    0.334858    0.985415
  10b1 ,F   *f3+    0.000000    1.000000    0.000000    0.000000    0.000000

      orb. en.     -1.818769   -0.976776   -0.612781   -0.563871    1.173163

      occ. no.      0.000000    0.000000    0.000000    0.000000    0.000000


                         a2  molecular orbitals
      sym. orb.       1a2         2a2         3a2         4a2 
   1a2 ,H   *d2-    0.014358    0.779128    0.062565    0.707189
   2a2 ,F   *d2-    0.359774   -0.215978   -0.985928    0.449827
   3a2 ,F   *d2-    0.765264   -0.026929    0.772212   -0.499039
   4a2 ,F   *f2-   -0.023042   -0.476405    0.437608    0.788720

      orb. en.     -4.967503   -1.846954   -0.923203   -0.305193

      occ. no.      0.000000    0.000000    0.000000    0.000000

                         b2  molecular orbitals
      sym. orb.       1b2         2b2         3b2         4b2         5b2 
   1b2 ,H   *py     0.003921    0.051060    0.011707    0.258328    0.136507
   2b2 ,H   *py     0.001447    0.062485   -0.021503    1.100742    0.344041
   3b2 ,H   *d1-    0.007516    0.033634    0.007948    0.207846    0.113544
   4b2 ,F   2py     2.343386   -1.022101   -1.426739    0.617136   -1.312989
   5b2 ,F   *py    -1.038618    1.008726    1.440148   -0.862992    1.878765
   6b2 ,F   *py    -0.780137    0.484819    0.777784   -0.505368   -1.041606
   7b2 ,F   *d1-   -0.010527   -0.278150    0.216793    0.223704    0.081652
   8b2 ,F   *d1-    0.000505   -0.588889    0.429117    0.433526    0.178375
   9b2 ,F   *f3-    0.000000    0.000000    0.000000    0.000000    0.000000
  10b2 ,F   *f1-    0.000484    0.031160   -0.015009    0.108069    0.068094

      orb. en.    -10.637387   -5.133744   -4.886504   -3.076629   -2.831377

      occ. no.      2.000000    0.000000    0.000000    0.000000    0.000000

      sym. orb.       6b2         7b2         8b2         9b2        10b2 
   1b2 ,H   *py     0.755658    0.000000   -0.003878   -0.971897   -0.568939
   2b2 ,H   *py    -0.730646    0.000000    0.391057    1.064189   -0.584850
   3b2 ,H   *d1-    0.441406    0.000000   -0.350553    0.700216   -1.309442
   4b2 ,F   2py     0.360730    0.000000   -0.168650    0.046737   -0.447463
   5b2 ,F   *py    -0.611889    0.000000    0.310723   -0.226756    0.903386
   6b2 ,F   *py     0.308182    0.000000   -0.228707   -0.441142    0.520819
   7b2 ,F   *d1-   -0.181645    0.000000   -1.022096   -0.162131    0.370226
   8b2 ,F   *d1-    0.382733    0.000000    0.784752    0.458871   -1.238317
   9b2 ,F   *f3-    0.000000    1.000000    0.000000    0.000000    0.000000
  10b2 ,F   *f1-    0.485941    0.000000    0.110180    0.334858    0.985415

      orb. en.     -1.818769   -0.976776   -0.612781   -0.563871    1.173163

      occ. no.      0.000000    0.000000    0.000000    0.000000    0.000000


mo coefficients will be saved after each iteration

iteration       energy           one-electron energy       two-electron energy
         ttr          tmr           tnr

    1     -85.326397764966         -167.41708108498          76.869962860593    
       0.9000       0.1000       0.5000E-01
    2     -97.213282461322         -161.86082441642          59.426821495675    
       0.9000       0.1000       0.5000E-01
    3     -99.597163471057         -145.05898625769          40.241102327208    
       0.9000       0.1000       0.5000E-01
    4     -99.670033293371         -145.41835055315          40.527596800357    
       0.8000       0.1000       0.5000E-01
    5     -99.734766950955         -145.87139439837          40.915906987990    
       0.7500       0.1000       0.5000E-01
    6     -99.959687582354         -148.08096308564          42.900555043865    
       0.6500       0.1000       0.5000E-01
    7     -100.04481030012         -149.74871544304          44.483184683497    
       0.5500       0.1000       0.5000E-01
    8     -100.05699998727         -150.41292999914          45.135209552444    
       0.4500       0.1000       0.5000E-01
    9     -100.05812576371         -150.62198255365          45.343136330525    
       0.3500       0.1000       0.5000E-01
   10     -100.05820212467         -150.67953522893          45.400612644837    
       0.2500       0.1000       0.5000E-01
   11     -100.05820527119         -150.69209191783          45.413166187222    
       0.1500       0.1000       0.5000E-01
   12     -100.05820532559         -150.69381598146          45.414890196450    
       0.1000       0.1000       0.5000E-01
   13     -100.05820532602         -150.69396896708          45.415043181628    
       0.1000       0.1000       0.5000E-01
   14     -100.05820532603         -150.69398338136          45.415057595906    
       0.1000       0.1000       0.5000E-01
   15     -100.05820532603         -150.69398464487          45.415058859418    
       0.1000       0.1000       0.5000E-01
   16     -100.05820532603         -150.69398476655          45.415058981093    
       0.1000       0.1000       0.5000E-01
   17     -100.05820532603         -150.69398477402          45.415058988563    
       0.1000       0.1000       0.5000E-01

calculation has *converged*
scf gradient information written to file vectgrd
    616 mo coefficients written in LUMORB format.

     total energy =       -100.0582053260
     kinetic energy =      100.0356477100
     potential energy =   -200.0938530361
     virial theorem =        1.9997745551
     wavefunction norm =     1.0000000000

     occupied and virtual orbitals
SEWARD INTEGRALS                                                                
HF                                                                              

                         a1  molecular orbitals
      sym. orb.       1a1         2a1         3a1         4a1         5a1 
   1a1 ,H   1s      0.002656    0.369507   -0.686871    0.234034   -0.552207
   2a1 ,H   *s     -0.000724   -0.125702    0.122458   -0.057186   -1.425171
   3a1 ,H   *s     -0.001537   -0.135690    0.242905    1.282055    1.335651
   4a1 ,H   *pz     0.000667    0.015561   -0.016453   -0.013006   -0.051426
   5a1 ,H   *pz     0.000280    0.013088   -0.020956    0.081746    0.376248
   6a1 ,H   *d0     0.000155    0.003271   -0.003025    0.009399   -0.009126
   7a1 ,H   *d2+    0.000000    0.000000    0.000000    0.000000    0.000000
   8a1 ,F   1s      0.999444   -0.004113   -0.000974    0.037255    0.006612
   9a1 ,F   2s     -0.001173    0.933698    0.229867   -0.101789    0.151783
  10a1 ,F   *s      0.000680   -0.003512    0.005870   -0.023633   -0.009492
  11a1 ,F   *s      0.000427   -0.017598    0.127872   -0.714130    0.042583
  12a1 ,F   2pz    -0.003300   -0.087706    0.812110    0.258541   -0.434840
  13a1 ,F   *pz     0.002864   -0.006597   -0.000919    0.013424   -0.038859
  14a1 ,F   *pz     0.000927    0.019668   -0.038649    0.215789   -0.356942
  15a1 ,F   *d0    -0.000008    0.002861   -0.007918    0.000136   -0.012936
  16a1 ,F   *d0    -0.000532    0.006985   -0.021252   -0.012974    0.012476
  17a1 ,F   *d2+    0.000000    0.000000    0.000000    0.000000    0.000000
  18a1 ,F   *d2+    0.000000    0.000000    0.000000    0.000000    0.000000
  19a1 ,F   *f0     0.000150   -0.001634    0.003994    0.002547   -0.009807
  20a1 ,F   *f2+    0.000000    0.000000    0.000000    0.000000    0.000000

      orb. en.    -26.286214   -1.596028   -0.762243    0.143744    0.565227

      occ. no.      2.000000    2.000000    2.000000    0.000000    0.000000

      sym. orb.       6a1         7a1         8a1         9a1        10a1 
   1a1 ,H   1s      0.116462    0.303232    0.445435    0.000000   -4.617415
   2a1 ,H   *s      3.477557   -0.201529    3.699626    0.000000    8.740617
   3a1 ,H   *s      0.174574   -0.360742    0.601632    0.000000    1.302360
   4a1 ,H   *pz     0.051361   -0.235890    0.035540    0.000000    0.338061
   5a1 ,H   *pz     1.802805    0.833512    2.886035    0.000000    2.569064
   6a1 ,H   *d0     0.148219   -0.091307    0.256571    0.000000    0.393269
   7a1 ,H   *d2+    0.000000    0.000000    0.000000    0.173143    0.000000
   8a1 ,F   1s     -0.042789   -0.428653    0.282535    0.000000   -0.096627
   9a1 ,F   2s     -0.331866   -2.005111    1.259870    0.000000   -0.237959
  10a1 ,F   *s      0.046213    0.103204   -0.047450    0.000000    0.139020
  11a1 ,F   *s     -3.018407    1.835157   -6.002567    0.000000   -4.731747
  12a1 ,F   2pz    -0.458978    0.426660    0.350704    0.000000   -0.197751
  13a1 ,F   *pz     0.115258    0.093291    0.832988    0.000000    1.053165
  14a1 ,F   *pz     3.018937   -0.638136    1.683244    0.000000    2.549544
  15a1 ,F   *d0     0.032454   -0.006989    0.015268    0.000000    0.008210
  16a1 ,F   *d0    -0.251157    0.110047   -0.113120    0.000000   -1.017205
  17a1 ,F   *d2+    0.000000    0.000000    0.000000   -0.009867    0.000000
  18a1 ,F   *d2+    0.000000    0.000000    0.000000    0.948732    0.000000
  19a1 ,F   *f0     0.018993   -0.038040    0.025324    0.000000    0.110278
  20a1 ,F   *f2+    0.000000    0.000000    0.000000   -0.005836    0.000000

      orb. en.      0.815588    1.447345    1.552144    2.228837    2.277699

      occ. no.      0.000000    0.000000    0.000000    0.000000    0.000000

      sym. orb.      11a1        12a1        13a1        14a1        15a1 
   1a1 ,H   1s     -4.183961    0.000000    2.083756    0.190214   -2.250751
   2a1 ,H   *s      0.514886    0.000000   -2.927362    3.164492   -2.852932
   3a1 ,H   *s      1.170145    0.000000   -0.941671   -0.147032    0.835991
   4a1 ,H   *pz     0.222803    0.000000    0.901420    0.948166   -1.136249
   5a1 ,H   *pz    -1.343045    0.000000   -1.925123    1.658620   -2.038630
   6a1 ,H   *d0    -0.330318    0.000000   -0.912999    1.436727   -0.783625
   7a1 ,H   *d2+    0.000000   -1.005140    0.000000    0.000000    0.000000
   8a1 ,F   1s     -0.074205    0.000000    0.298519   -0.316855   -0.114449
   9a1 ,F   2s     -0.349285    0.000000    0.911408   -1.519285    0.238264
  10a1 ,F   *s     -0.025300    0.000000   -0.084999   -0.052538    0.331716
  11a1 ,F   *s      2.731191    0.000000    1.273617   -1.899561    3.822239
  12a1 ,F   2pz    -0.457602    0.000000    1.121236    1.359198    2.513922
  13a1 ,F   *pz     0.005330    0.000000   -1.474971    0.305140   -3.890670
  14a1 ,F   *pz    -1.193911    0.000000   -0.663911    0.709016   -2.100904
  15a1 ,F   *d0     0.019829    0.000000    0.061321    0.105302   -0.069305
  16a1 ,F   *d0     1.111948    0.000000   -0.407128   -0.649303    1.126434
  17a1 ,F   *d2+    0.000000    0.001795    0.000000    0.000000    0.000000
  18a1 ,F   *d2+    0.000000    0.410948    0.000000    0.000000    0.000000
  19a1 ,F   *f0     0.031581    0.000000   -0.067215    0.187206    0.214294
  20a1 ,F   *f2+    0.000000    0.044342    0.000000    0.000000    0.000000

      orb. en.      3.215731    3.545442    4.240992    5.144582    6.246982

      occ. no.      0.000000    0.000000    0.000000    0.000000    0.000000

      sym. orb.      16a1        17a1        18a1        19a1        20a1 
   1a1 ,H   1s      0.000000   -3.116832    0.000000    2.890841    3.088725
   2a1 ,H   *s      0.000000    1.003632    0.000000   -0.351916    0.905789
   3a1 ,H   *s      0.000000    1.034025    0.000000   -1.073616   -1.590505
   4a1 ,H   *pz     0.000000   -0.777393    0.000000    0.381415    1.407757
   5a1 ,H   *pz     0.000000   -0.125551    0.000000    0.342469    1.185434
   6a1 ,H   *d0     0.000000   -0.171978    0.000000   -0.153364    0.954429
   7a1 ,H   *d2+    0.246149    0.000000    0.101992    0.000000    0.000000
   8a1 ,F   1s      0.000000   -0.883834    0.000000    0.042264   -2.874066
   9a1 ,F   2s      0.000000   -1.718295    0.000000    0.235953   -6.789424
  10a1 ,F   *s      0.000000    1.230601    0.000000    0.127601    3.700648
  11a1 ,F   *s      0.000000    2.003130    0.000000   -1.486373    1.949625
  12a1 ,F   2pz     0.000000    0.782834    0.000000   -0.689367   -1.024694
  13a1 ,F   *pz     0.000000   -1.285696    0.000000    0.887190    2.569374
  14a1 ,F   *pz     0.000000   -0.573389    0.000000    1.010178    0.855421
  15a1 ,F   *d0     0.000000    0.400681    0.000000    1.135284   -0.237304
  16a1 ,F   *d0     0.000000    0.422329    0.000000   -1.178802   -0.858441
  17a1 ,F   *d2+   -0.086770    0.000000    1.158815    0.000000    0.000000
  18a1 ,F   *d2+   -0.017880    0.000000   -0.602010    0.000000    0.000000
  19a1 ,F   *f0     0.000000   -0.928624    0.000000    0.503064    0.552558
  20a1 ,F   *f2+    1.015244    0.000000    0.091383    0.000000    0.000000

      orb. en.      7.603553    8.508150    8.908925    9.692046   12.526286

      occ. no.      0.000000    0.000000    0.000000    0.000000    0.000000


                         b1  molecular orbitals
      sym. orb.       1b1         2b1         3b1         4b1         5b1 
   1b1 ,H   *px     0.011270    0.086270    0.035492    0.166022    1.182759
   2b1 ,H   *px     0.032258   -1.043534   -0.828304   -0.703629   -0.883450
   3b1 ,H   *d1+    0.006553   -0.007250   -0.059991    0.091572   -0.436423
   4b1 ,F   2px     0.960562    0.433523   -0.483942   -0.111245   -0.308231
   5b1 ,F   *px    -0.001863    0.221400   -0.349878   -0.001953    0.359352
   6b1 ,F   *px     0.030302   -0.234979    1.605629    0.447231    0.347394
   7b1 ,F   *d1+   -0.003615    0.013831    0.019041   -0.000496   -0.004218
   8b1 ,F   *d1+   -0.012738   -0.010379   -0.028524   -1.036455   -0.014501
   9b1 ,F   *f1+    0.002768    0.002061    0.009694   -0.004963    0.100607
  10b1 ,F   *f3+    0.000000    0.000000    0.000000    0.000000    0.000000

      orb. en.     -0.643724    0.853750    0.988516    2.537193    3.853221

      occ. no.      2.000000    0.000000    0.000000    0.000000    0.000000

      sym. orb.       6b1         7b1         8b1         9b1        10b1 
   1b1 ,H   *px     0.310685    0.300777    0.000000   -0.440609   -0.333162
   2b1 ,H   *px     0.532224    0.128169    0.000000   -0.071925   -0.373031
   3b1 ,H   *d1+    1.195389    0.603728    0.000000   -0.575396   -0.502934
   4b1 ,F   2px    -1.220330    2.795165    0.000000   -0.444842   -0.292003
   5b1 ,F   *px     0.701731   -2.890980    0.000000    0.645735    0.464260
   6b1 ,F   *px    -0.154857   -0.531898    0.000000    0.184218    0.326164
   7b1 ,F   *d1+   -0.040034   -0.024460    0.000000   -0.555973    1.053719
   8b1 ,F   *d1+    0.944504    0.452584    0.000000   -0.171340   -1.027228
   9b1 ,F   *f1+   -0.004801    0.120730    0.000000    0.962015    0.631379
  10b1 ,F   *f3+    0.000000    0.000000    1.000000    0.000000    0.000000

      orb. en.      4.305257    5.356271    7.409952    8.457049    9.333107

      occ. no.      0.000000    0.000000    0.000000    0.000000    0.000000


                         a2  molecular orbitals
      sym. orb.       1a2         2a2         3a2         4a2 
   1a2 ,H   *d2-    0.173143   -1.005140    0.246149    0.101992
   2a2 ,F   *d2-   -0.009867    0.001795   -0.086770    1.158815
   3a2 ,F   *d2-    0.948732    0.410948   -0.017880   -0.602010
   4a2 ,F   *f2-   -0.005836    0.044342    1.015244    0.091383

      orb. en.      2.228837    3.545442    7.603553    8.908925

      occ. no.      0.000000    0.000000    0.000000    0.000000

                         b2  molecular orbitals
      sym. orb.       1b2         2b2         3b2         4b2         5b2 
   1b2 ,H   *py     0.011270    0.086270    0.035492    0.166022    1.182759
   2b2 ,H   *py     0.032258   -1.043534   -0.828304   -0.703629   -0.883450
   3b2 ,H   *d1-    0.006553   -0.007250   -0.059991    0.091572   -0.436423
   4b2 ,F   2py     0.960562    0.433523   -0.483942   -0.111245   -0.308231
   5b2 ,F   *py    -0.001863    0.221400   -0.349878   -0.001953    0.359352
   6b2 ,F   *py     0.030302   -0.234979    1.605629    0.447231    0.347394
   7b2 ,F   *d1-   -0.003615    0.013831    0.019041   -0.000496   -0.004218
   8b2 ,F   *d1-   -0.012738   -0.010379   -0.028524   -1.036455   -0.014501
   9b2 ,F   *f3-    0.000000    0.000000    0.000000    0.000000    0.000000
  10b2 ,F   *f1-    0.002768    0.002061    0.009694   -0.004963    0.100607

      orb. en.     -0.643724    0.853750    0.988516    2.537193    3.853221

      occ. no.      2.000000    0.000000    0.000000    0.000000    0.000000

      sym. orb.       6b2         7b2         8b2         9b2        10b2 
   1b2 ,H   *py     0.310685    0.300777    0.000000   -0.440609   -0.333162
   2b2 ,H   *py     0.532224    0.128169    0.000000   -0.071925   -0.373031
   3b2 ,H   *d1-    1.195389    0.603728    0.000000   -0.575396   -0.502934
   4b2 ,F   2py    -1.220330    2.795165    0.000000   -0.444842   -0.292003
   5b2 ,F   *py     0.701731   -2.890980    0.000000    0.645735    0.464260
   6b2 ,F   *py    -0.154857   -0.531898    0.000000    0.184218    0.326164
   7b2 ,F   *d1-   -0.040034   -0.024460    0.000000   -0.555973    1.053719
   8b2 ,F   *d1-    0.944504    0.452584    0.000000   -0.171340   -1.027228
   9b2 ,F   *f3-    0.000000    0.000000    1.000000    0.000000    0.000000
  10b2 ,F   *f1-   -0.004801    0.120730    0.000000    0.962015    0.631379

      orb. en.      4.305257    5.356271    7.409952    8.457049    9.333107

      occ. no.      0.000000    0.000000    0.000000    0.000000    0.000000


     population analysis
SEWARD INTEGRALS                                                                
HF                                                                              
  NOTE: For HERMIT use spherical harmonics basis sets !!!


                        a1  partial gross atomic populations
   ao class       1a1        2a1        3a1 
    H _ s       0.000046   0.148788   0.396827
    H _ p       0.000129   0.024816   0.003448
    H _ d       0.000040   0.001823   0.000365
    F _ s       1.999784   1.801081   0.107756
    F _ p       0.000001   0.022460   1.484578
    F _ d       0.000000   0.000966   0.006714
    F _ f       0.000000   0.000066   0.000312

                        b1  partial gross atomic populations
   ao class       1b1 
    H _ p       0.034692
    H _ d       0.004338
    F _ p       1.959952
    F _ d       0.000966
    F _ f       0.000052

                        b2  partial gross atomic populations
   ao class       1b2 
    H _ p       0.034692
    H _ d       0.004338
    F _ p       1.959952
    F _ d       0.000966
    F _ f       0.000052


                        gross atomic populations
     ao           H _        F _
      s         0.545660   3.908621
      p         0.097776   5.426944
      d         0.010903   0.009612
      f         0.000000   0.000483
    total       0.654340   9.345660

 Total number of electrons:   10.00000000

 !timer: scf required                    user+sys=     0.160 walltime=     0.000
