
&& iteration number 1 <<<<<<<<<<<<<<<<<<<<<<<<<<<<<<<>>>>>>>>>>>>>>>>>>>>>>>>>>>>>

     23.194932     -0.302648      0.034294 
    -0.302648      7.159875      0.006085 
     0.034294      0.006085      0.374336 

&& iteration number 2 <<<<<<<<<<<<<<<<<<<<<<<<<<<<<<<>>>>>>>>>>>>>>>>>>>>>>>>>>>>>

     23.194932     -0.302648      0.034294 
    -0.302648      7.159875      0.006085 
     0.034294      0.006085      0.374336 

&& iteration number 3 <<<<<<<<<<<<<<<<<<<<<<<<<<<<<<<>>>>>>>>>>>>>>>>>>>>>>>>>>>>>

     23.194932     -0.302648      0.034294 
    -0.302648      7.159875      0.006085 
     0.034294      0.006085      0.374336 

&& iteration number 4 <<<<<<<<<<<<<<<<<<<<<<<<<<<<<<<>>>>>>>>>>>>>>>>>>>>>>>>>>>>>

     23.194932     -0.302648      0.034294 
    -0.302648      7.159875      0.006085 
     0.034294      0.006085      0.374336 

&& iteration number 5 <<<<<<<<<<<<<<<<<<<<<<<<<<<<<<<>>>>>>>>>>>>>>>>>>>>>>>>>>>>>

     23.194932     -0.302648      0.034294 
    -0.302648      7.159875      0.006085 
     0.034294      0.006085      0.374336 

&& iteration number 6 <<<<<<<<<<<<<<<<<<<<<<<<<<<<<<<>>>>>>>>>>>>>>>>>>>>>>>>>>>>>

     23.194932     -0.302648      0.034294 
    -0.302648      7.159875      0.006085 
     0.034294      0.006085      0.374336 

&& iteration number 7 <<<<<<<<<<<<<<<<<<<<<<<<<<<<<<<>>>>>>>>>>>>>>>>>>>>>>>>>>>>>

     23.194932     -0.302648      0.034294 
    -0.302648      7.159875      0.006085 
     0.034294      0.006085      0.374336 

&& iteration number 8 <<<<<<<<<<<<<<<<<<<<<<<<<<<<<<<>>>>>>>>>>>>>>>>>>>>>>>>>>>>>

     23.194932     -0.302648      0.034294 
    -0.302648      7.159875      0.006085 
     0.034294      0.006085      0.374336 

&& iteration number 9 <<<<<<<<<<<<<<<<<<<<<<<<<<<<<<<>>>>>>>>>>>>>>>>>>>>>>>>>>>>>

     23.194932     -0.302648      0.034294 
    -0.302648      7.159875      0.006085 
     0.034294      0.006085      0.374336 

&& iteration number 10 <<<<<<<<<<<<<<<<<<<<<<<<<<<<<<<>>>>>>>>>>>>>>>>>>>>>>>>>>>>>

     23.194932     -0.302648      0.034294 
    -0.302648      7.159875      0.006085 
     0.034294      0.006085      0.374336 

&& iteration number 11 <<<<<<<<<<<<<<<<<<<<<<<<<<<<<<<>>>>>>>>>>>>>>>>>>>>>>>>>>>>>

     23.194932     -0.302648      0.034294 
    -0.302648      7.159875      0.006085 
     0.034294      0.006085      0.374336 

&& iteration number 12 <<<<<<<<<<<<<<<<<<<<<<<<<<<<<<<>>>>>>>>>>>>>>>>>>>>>>>>>>>>>

     23.194932     -0.302648      0.034294 
    -0.302648      7.159875      0.006085 
     0.034294      0.006085      0.374336 

&& iteration number 13 <<<<<<<<<<<<<<<<<<<<<<<<<<<<<<<>>>>>>>>>>>>>>>>>>>>>>>>>>>>>

     23.194932     -0.302648      0.034294 
    -0.302648      7.159875      0.006085 
     0.034294      0.006085      0.374336 

&& iteration number 14 <<<<<<<<<<<<<<<<<<<<<<<<<<<<<<<>>>>>>>>>>>>>>>>>>>>>>>>>>>>>

     23.194932     -0.302648      0.034294 
    -0.302648      7.159875      0.006085 
     0.034294      0.006085      0.374336 

&& iteration number 15 <<<<<<<<<<<<<<<<<<<<<<<<<<<<<<<>>>>>>>>>>>>>>>>>>>>>>>>>>>>>

     23.194932     -0.302648      0.034294 
    -0.302648      7.159875      0.006085 
     0.034294      0.006085      0.374336 

&& iteration number 16 <<<<<<<<<<<<<<<<<<<<<<<<<<<<<<<>>>>>>>>>>>>>>>>>>>>>>>>>>>>>

     23.194932     -0.302648      0.034294 
    -0.302648      7.159875      0.006085 
     0.034294      0.006085      0.374336 

&& iteration number 17 <<<<<<<<<<<<<<<<<<<<<<<<<<<<<<<>>>>>>>>>>>>>>>>>>>>>>>>>>>>>

     23.194932     -0.302648      0.034294 
    -0.302648      7.159875      0.006085 
     0.034294      0.006085      0.374336 

&& iteration number 18 <<<<<<<<<<<<<<<<<<<<<<<<<<<<<<<>>>>>>>>>>>>>>>>>>>>>>>>>>>>>

     23.194932     -0.302648      0.034294 
    -0.302648      7.159875      0.006085 
     0.034294      0.006085      0.374336 

&& iteration number 19 <<<<<<<<<<<<<<<<<<<<<<<<<<<<<<<>>>>>>>>>>>>>>>>>>>>>>>>>>>>>

     23.194932     -0.302648      0.034294 
    -0.302648      7.159875      0.006085 
     0.034294      0.006085      0.374336 

&& iteration number 20 <<<<<<<<<<<<<<<<<<<<<<<<<<<<<<<>>>>>>>>>>>>>>>>>>>>>>>>>>>>>

     23.194932     -0.302648      0.034294 
    -0.302648      7.159875      0.006085 
     0.034294      0.006085      0.374336 
