
 *************************************************
   RGF protocol for iteration: 1

  ----------------------------------

  System with 3 internal coordinated detected

  Total energy: -92.8281979685 
 a.u.



  ***  RGF input file echo:  ***

  ***  Geometries:
   ---> source: WORK/cart2intls
  coord      current          change           next
 ------------------------------------------------------
   1       1.14417178      0.00000000       1.14417178
   2       1.05275362      0.00000000       1.05275362
   3       3.08923302      -0.44658188       2.64265114


  ***  Forces at current geom.:
   ---> source: WORK/cart2intls
  coord     force
 -----------------------------
   1      -0.0000772
   2      0.0000036
   3      0.0195926


  ***  Input Hessian matrix at current geom.:
  ----------------------------------------
   ---> source: WORK/hessian
            1         2         3
   1   23.194932  -0.302648  0.034294 
   2   -0.302648  7.159875  0.006085 
   3   0.034294  0.006085  0.374336 



  ***  Data from RGF program:  ***

  ***  Hessian matrix used in RGF (at current geom.):
   * signature of hessian:  3+  0-  0=
   * RGF program using:  === exact Hessian ===
  --------------------------------
   ---> source: WORK/message.rgf
           1        2        3
   1   23.19493  -0.30265  0.03429
   2   -0.30265  7.15988  0.00609
   3   0.03429  0.00609  0.37434

 >>>  Performed RGF calculations  <<<

  RGF end mark:
     --> PREDICTOR step executed, next HESSIAN will be UPDATED.


 *************************************************
   RGF protocol for iteration: 2

  ----------------------------------

  System with 3 internal coordinated detected

  Total energy: -92.8175667252 
 a.u.



  ***  RGF input file echo:  ***

  ***  Geometries:
   ---> source: WORK/cart2intls
  coord      current          change           next
 ------------------------------------------------------
   1       1.14417178      0.00023457       1.14440635
   2       1.05275362      -0.00692140       1.04583222
   3       2.64265114      0.00279722       2.64544836


  ***  Forces at current geom.:
   ---> source: WORK/cart2intls
  coord     force
 -----------------------------
   1      0.0823148
   2      0.0224101
   3      0.1886722


  ***  Input Hessian matrix at current geom.:
  ----------------------------------------
   ---> source: WORK/hessian
            1         2         3
   1   23.194932  -0.302648  0.034294 
   2   -0.302648  7.159875  0.006085 
   3   0.034294  0.006085  0.374336 



  ***  Data from RGF program:  ***

  ***  Hessian matrix used in RGF (at current geom.):
   * signature of hessian:  3+  0-  0=
   * RGF program using:  === updated Hessian ===
  --------------------------------
   ---> source: WORK/message.rgf
           1        2        3
   1   23.19886  -0.30149  0.18449
   2   -0.30149  7.16021  0.05017
   3   0.18449  0.05017  0.38287

 >>>  Performed RGF calculations  <<<

  RGF end mark:
     --> CORRECTOR step executed, next HESSIAN will be UPDATED.


 *************************************************
   RGF protocol for iteration: 3

  ----------------------------------

  System with 3 internal coordinated detected

  Total energy: -92.8176165817 
 a.u.



  ***  RGF input file echo:  ***

  ***  Geometries:
   ---> source: WORK/cart2intls
  coord      current          change           next
 ------------------------------------------------------
   1       1.14440635      -0.00000975       1.14439660
   2       1.04583222      0.00011657       1.04594879
   3       2.64544836      -0.00004297       2.64540539


  ***  Forces at current geom.:
   ---> source: WORK/cart2intls
  coord     force
 -----------------------------
   1      0.0742065
   2      0.0727686
   3      0.1882966


  ***  Input Hessian matrix at current geom.:
  ----------------------------------------
   ---> source: WORK/hessian
            1         2         3
   1   23.194932  -0.302648  0.034294 
   2   -0.302648  7.159875  0.006085 
   3   0.034294  0.006085  0.374336 



  ***  Data from RGF program:  ***

  ***  Hessian matrix used in RGF (at current geom.):
   * signature of hessian:  3+  0-  0=
   * RGF program using:  === updated Hessian ===
  --------------------------------
   ---> source: WORK/message.rgf
           1        2        3
   1   23.19954  -0.31289  0.18289
   2   -0.31289  7.34596  0.08574
   3   0.18289  0.08574  0.37726

 >>>  Performed RGF calculations  <<<

  RGF end mark:
     --> CORRECTOR step executed, next HESSIAN will be UPDATED.


 *************************************************
   RGF protocol for iteration: 4

  ----------------------------------

  System with 3 internal coordinated detected

  Total energy: -92.8176164934 
 a.u.



  ***  RGF input file echo:  ***

  ***  Geometries:
   ---> source: WORK/cart2intls
  coord      current          change           next
 ------------------------------------------------------
   1       1.14439660      0.00057275       1.14496935
   2       1.04594879      -0.00304733       1.04290146
   3       2.64540539      -0.42262785       2.22277754


  ***  Forces at current geom.:
   ---> source: WORK/cart2intls
  coord     force
 -----------------------------
   1      0.0744764
   2      0.0719017
   3      0.1883034


  ***  Input Hessian matrix at current geom.:
  ----------------------------------------
   ---> source: WORK/hessian
            1         2         3
   1   23.194932  -0.302648  0.034294 
   2   -0.302648  7.159875  0.006085 
   3   0.034294  0.006085  0.374336 



  ***  Data from RGF program:  ***

  ***  Hessian matrix used in RGF (at current geom.):
   * signature of hessian:  3+  0-  0=
   * RGF program using:  === updated Hessian ===
  --------------------------------
   ---> source: WORK/message.rgf
           1        2        3
   1   23.19961  -0.30896  0.18283
   2   -0.30896  7.46125  0.08982
   3   0.18283  0.08982  0.37675

 >>>  Performed RGF calculations  <<<

  RGF end mark:
     --> PREDICTOR step executed, next HESSIAN will be UPDATED.


 *************************************************
   RGF protocol for iteration: 5

  ----------------------------------

  System with 3 internal coordinated detected

  Total energy: -92.7914373960 
 a.u.



  ***  RGF input file echo:  ***

  ***  Geometries:
   ---> source: WORK/cart2intls
  coord      current          change           next
 ------------------------------------------------------
   1       1.14496935      0.00362448       1.14859383
   2       1.04290146      0.00032257       1.04322403
   3       2.22277754      -0.00200804       2.22076950


  ***  Forces at current geom.:
   ---> source: WORK/cart2intls
  coord     force
 -----------------------------
   1      0.2694529
   2      0.1782810
   3      0.3491312


  ***  Input Hessian matrix at current geom.:
  ----------------------------------------
   ---> source: WORK/hessian
            1         2         3
   1   23.194932  -0.302648  0.034294 
   2   -0.302648  7.159875  0.006085 
   3   0.034294  0.006085  0.374336 



  ***  Data from RGF program:  ***

  ***  Hessian matrix used in RGF (at current geom.):
   * signature of hessian:  3+  0-  0=
   * RGF program using:  === updated Hessian ===
  --------------------------------
   ---> source: WORK/message.rgf
           1        2        3
   1   23.20211  -0.30570  0.49499
   2   -0.30570  7.46320  0.19751
   3   0.49499  0.19751  0.38353

 >>>  Performed RGF calculations  <<<

  RGF end mark:
     --> CORRECTOR step executed, next HESSIAN will be UPDATED.


 *************************************************
   RGF protocol for iteration: 6

  ----------------------------------

  System with 3 internal coordinated detected

  Total energy: -92.7914802241 
 a.u.



  ***  RGF input file echo:  ***

  ***  Geometries:
   ---> source: WORK/cart2intls
  coord      current          change           next
 ------------------------------------------------------
   1       1.14859383      0.00009843       1.14869226
   2       1.04322403      0.00004946       1.04327349
   3       2.22076950      -0.00007256       2.22069694


  ***  Forces at current geom.:
   ---> source: WORK/cart2intls
  coord     force
 -----------------------------
   1      0.1881707
   2      0.1769889
   3      0.3474050


  ***  Input Hessian matrix at current geom.:
  ----------------------------------------
   ---> source: WORK/hessian
            1         2         3
   1   23.194932  -0.302648  0.034294 
   2   -0.302648  7.159875  0.006085 
   3   0.034294  0.006085  0.374336 



  ***  Data from RGF program:  ***

  ***  Hessian matrix used in RGF (at current geom.):
   * signature of hessian:  3+  0-  0=
   * RGF program using:  === updated Hessian ===
  --------------------------------
   ---> source: WORK/message.rgf
           1        2        3
   1   22.76912  -0.21924  0.66233
   2   -0.21924  7.44625  0.16391
   3   0.66233  0.16391  0.31895

 >>>  Performed RGF calculations  <<<

  RGF end mark:
     --> CORRECTOR step executed, next HESSIAN will be UPDATED.


 *************************************************
   RGF protocol for iteration: 7

  ----------------------------------

  System with 3 internal coordinated detected

  Total energy: -92.7914806719 
 a.u.



  ***  RGF input file echo:  ***

  ***  Geometries:
   ---> source: WORK/cart2intls
  coord      current          change           next
 ------------------------------------------------------
   1       1.14869226      0.00969483       1.15838709
   2       1.04327349      0.00081499       1.04408848
   3       2.22069693      -0.38492774       1.83576919


  ***  Forces at current geom.:
   ---> source: WORK/cart2intls
  coord     force
 -----------------------------
   1      0.1860075
   2      0.1766501
   3      0.3473521


  ***  Input Hessian matrix at current geom.:
  ----------------------------------------
   ---> source: WORK/hessian
            1         2         3
   1   23.194932  -0.302648  0.034294 
   2   -0.302648  7.159875  0.006085 
   3   0.034294  0.006085  0.374336 



  ***  Data from RGF program:  ***

  ***  Hessian matrix used in RGF (at current geom.):
   * signature of hessian:  3+  0-  0=
   * RGF program using:  === updated Hessian ===
  --------------------------------
   ---> source: WORK/message.rgf
           1        2        3
   1   22.56450  -0.21334  0.72190
   2   -0.21334  7.45261  0.15671
   3   0.72190  0.15671  0.30622

 >>>  Performed RGF calculations  <<<

  RGF end mark:
     --> PREDICTOR step executed, next HESSIAN will be UPDATED.


 *************************************************
   RGF protocol for iteration: 8

  ----------------------------------

  System with 3 internal coordinated detected

  Total energy: -92.7566114412 
 a.u.



  ***  RGF input file echo:  ***

  ***  Geometries:
   ---> source: WORK/cart2intls
  coord      current          change           next
 ------------------------------------------------------
   1       1.15838709      0.00204198       1.16042907
   2       1.04408848      0.01727018       1.06135866
   3       1.83576919      -0.00800304       1.82776615


  ***  Forces at current geom.:
   ---> source: WORK/cart2intls
  coord     force
 -----------------------------
   1      0.2614684
   2      0.3321414
   3      0.4360262


  ***  Input Hessian matrix at current geom.:
  ----------------------------------------
   ---> source: WORK/hessian
            1         2         3
   1   23.194932  -0.302648  0.034294 
   2   -0.302648  7.159875  0.006085 
   3   0.034294  0.006085  0.374336 



  ***  Data from RGF program:  ***

  ***  Hessian matrix used in RGF (at current geom.):
   * signature of hessian:  3+  0-  0=
   * RGF program using:  === updated Hessian ===
  --------------------------------
   ---> source: WORK/message.rgf
           1        2        3
   1   22.56103  -0.22852  0.76520
   2   -0.22852  7.39683  0.41397
   3   0.76520  0.41397  0.19398

 >>>  Performed RGF calculations  <<<

  RGF end mark:
     --> CORRECTOR step executed, next HESSIAN will be UPDATED.


 *************************************************
   RGF protocol for iteration: 9

  ----------------------------------

  System with 3 internal coordinated detected

  Total energy: -92.7570089634 
 a.u.



  ***  RGF input file echo:  ***

  ***  Geometries:
   ---> source: WORK/cart2intls
  coord      current          change           next
 ------------------------------------------------------
   1       1.16042907      0.00034892       1.16077799
   2       1.06135866      0.00106442       1.06242308
   3       1.82776615      -0.00052946       1.82723669


  ***  Forces at current geom.:
   ---> source: WORK/cart2intls
  coord     force
 -----------------------------
   1      0.2265077
   2      0.2120025
   3      0.4252029


  ***  Input Hessian matrix at current geom.:
  ----------------------------------------
   ---> source: WORK/hessian
            1         2         3
   1   23.194932  -0.302648  0.034294 
   2   -0.302648  7.159875  0.006085 
   3   0.034294  0.006085  0.374336 



  ***  Data from RGF program:  ***

  ***  Hessian matrix used in RGF (at current geom.):
   * signature of hessian:  2+  1-  0=
   * RGF program using:  === updated Hessian ===
  --------------------------------
   ---> source: WORK/message.rgf
           1        2        3
   1   22.54993  -0.27247  0.80465
   2   -0.27247  7.22367  0.57004
   3   0.80465  0.57004  0.05388

 >>>  Performed RGF calculations  <<<

  RGF end mark:
     --> CORRECTOR step executed, next HESSIAN will be UPDATED.


 *************************************************
   RGF protocol for iteration: 10

  ----------------------------------

  System with 3 internal coordinated detected

  Total energy: -92.7570261430 
 a.u.



  ***  RGF input file echo:  ***

  ***  Geometries:
   ---> source: WORK/cart2intls
  coord      current          change           next
 ------------------------------------------------------
   1       1.16077799      0.00003518       1.16081317
   2       1.06242308      0.00007264       1.06249572
   3       1.82723669      -0.00003910       1.82719759


  ***  Forces at current geom.:
   ---> source: WORK/cart2intls
  coord     force
 -----------------------------
   1      0.2197949
   2      0.2050230
   3      0.4243554


  ***  Input Hessian matrix at current geom.:
  ----------------------------------------
   ---> source: WORK/hessian
            1         2         3
   1   23.194932  -0.302648  0.034294 
   2   -0.302648  7.159875  0.006085 
   3   0.034294  0.006085  0.374336 



  ***  Data from RGF program:  ***

  ***  Hessian matrix used in RGF (at current geom.):
   * signature of hessian:  2+  1-  0=
   * RGF program using:  === updated Hessian ===
  --------------------------------
   ---> source: WORK/message.rgf
           1        2        3
   1   22.24581  -0.60195  0.87128
   2   -0.60195  6.90874  0.61449
   3   0.87128  0.61449  0.05758

 >>>  Performed RGF calculations  <<<

  RGF end mark:
     --> CORRECTOR step executed, next HESSIAN will be UPDATED.


 *************************************************
   RGF protocol for iteration: 11

  ----------------------------------

  System with 3 internal coordinated detected

  Total energy: -92.7570275210 
 a.u.



  ***  RGF input file echo:  ***

  ***  Geometries:
   ---> source: WORK/cart2intls
  coord      current          change           next
 ------------------------------------------------------
   1       1.16081317      0.01514639       1.17595956
   2       1.06249572      0.02421659       1.08671231
   3       1.82719760      -0.35194207       1.47525553


  ***  Forces at current geom.:
   ---> source: WORK/cart2intls
  coord     force
 -----------------------------
   1      0.2191050
   2      0.2045506
   3      0.4242887


  ***  Input Hessian matrix at current geom.:
  ----------------------------------------
   ---> source: WORK/hessian
            1         2         3
   1   23.194932  -0.302648  0.034294 
   2   -0.302648  7.159875  0.006085 
   3   0.034294  0.006085  0.374336 



  ***  Data from RGF program:  ***

  ***  Hessian matrix used in RGF (at current geom.):
   * signature of hessian:  3+  0-  0=
   * RGF program using:  === updated Hessian ===
  --------------------------------
   ---> source: WORK/message.rgf
           1        2        3
   1   22.18515  -0.70580  0.92816
   2   -0.70580  7.19223  0.48501
   3   0.92816  0.48501  0.11583

 >>>  Performed RGF calculations  <<<

  RGF end mark:
     --> PREDICTOR step executed, next HESSIAN will be UPDATED.


 *************************************************
   RGF protocol for iteration: 12

  ----------------------------------

  System with 3 internal coordinated detected

  Total energy: -92.7282524083 
 a.u.



  ***  RGF input file echo:  ***

  ***  Geometries:
   ---> source: WORK/cart2intls
  coord      current          change           next
 ------------------------------------------------------
   1       1.17595956      0.00221479       1.17817435
   2       1.08671231      0.02913623       1.11584854
   3       1.47525553      -0.00742260       1.46783293


  ***  Forces at current geom.:
   ---> source: WORK/cart2intls
  coord     force
 -----------------------------
   1      0.1456417
   2      0.3087532
   3      0.3003626


  ***  Input Hessian matrix at current geom.:
  ----------------------------------------
   ---> source: WORK/hessian
            1         2         3
   1   23.194932  -0.302648  0.034294 
   2   -0.302648  7.159875  0.006085 
   3   0.034294  0.006085  0.374336 



  ***  Data from RGF program:  ***

  ***  Hessian matrix used in RGF (at current geom.):
   * signature of hessian:  2+  1-  0=
   * RGF program using:  === updated Hessian ===
  --------------------------------
   ---> source: WORK/message.rgf
           1        2        3
   1   22.11874  -0.61461  0.70871
   2   -0.61461  7.06901  0.76855
   3   0.70871  0.76855  -0.45056

 >>>  Performed RGF calculations  <<<

  RGF end mark:
     --> CORRECTOR step executed, next HESSIAN will be UPDATED.


 *************************************************
   RGF protocol for iteration: 13

  ----------------------------------

  System with 3 internal coordinated detected

  Total energy: -92.7293570976 
 a.u.



  ***  RGF input file echo:  ***

  ***  Geometries:
   ---> source: WORK/cart2intls
  coord      current          change           next
 ------------------------------------------------------
   1       1.17817435      0.00017499       1.17834934
   2       1.11584854      0.00888692       1.12473546
   3       1.46783293      -0.00108064       1.46675229


  ***  Forces at current geom.:
   ---> source: WORK/cart2intls
  coord     force
 -----------------------------
   1      0.1101862
   2      0.1514154
   3      0.2674994


  ***  Input Hessian matrix at current geom.:
  ----------------------------------------
   ---> source: WORK/hessian
            1         2         3
   1   23.194932  -0.302648  0.034294 
   2   -0.302648  7.159875  0.006085 
   3   0.034294  0.006085  0.374336 



  ***  Data from RGF program:  ***

  ***  Hessian matrix used in RGF (at current geom.):
   * signature of hessian:  2+  1-  0=
   * RGF program using:  === updated Hessian ===
  --------------------------------
   ---> source: WORK/message.rgf
           1        2        3
   1   22.05550  -0.30100  0.66306
   2   -0.30100  5.53996  0.98906
   3   0.66306  0.98906  -0.48219

 >>>  Performed RGF calculations  <<<

  RGF end mark:
     --> CORRECTOR step executed, next HESSIAN will be UPDATED.


 *************************************************
   RGF protocol for iteration: 14

  ----------------------------------

  System with 3 internal coordinated detected

  Total energy: -92.7295595523 
 a.u.



  ***  RGF input file echo:  ***

  ***  Geometries:
   ---> source: WORK/cart2intls
  coord      current          change           next
 ------------------------------------------------------
   1       1.17834934      -0.00000373       1.17834561
   2       1.12473546      0.00084522       1.12558068
   3       1.46675229      -0.00007738       1.46667491


  ***  Forces at current geom.:
   ---> source: WORK/cart2intls
  coord     force
 -----------------------------
   1      0.1082873
   2      0.1072412
   3      0.2584326


  ***  Input Hessian matrix at current geom.:
  ----------------------------------------
   ---> source: WORK/hessian
            1         2         3
   1   23.194932  -0.302648  0.034294 
   2   -0.302648  7.159875  0.006085 
   3   0.034294  0.006085  0.374336 



  ***  Data from RGF program:  ***

  ***  Hessian matrix used in RGF (at current geom.):
   * signature of hessian:  2+  1-  0=
   * RGF program using:  === updated Hessian ===
  --------------------------------
   ---> source: WORK/message.rgf
           1        2        3
   1   22.00692  -0.13933  0.67218
   2   -0.13933  5.01801  0.95691
   3   0.67218  0.95691  -0.48371

 >>>  Performed RGF calculations  <<<

  RGF end mark:
     --> CORRECTOR step executed, next HESSIAN will be UPDATED.


 *************************************************
   RGF protocol for iteration: 15

  ----------------------------------

  System with 3 internal coordinated detected

  Total energy: -92.7295752719 
 a.u.



  ***  RGF input file echo:  ***

  ***  Geometries:
   ---> source: WORK/cart2intls
  coord      current          change           next
 ------------------------------------------------------
   1       1.17834561      0.01464405       1.19298966
   2       1.12558068      0.08175665       1.20733733
   3       1.46667491      -0.31957720       1.14709771


  ***  Forces at current geom.:
   ---> source: WORK/cart2intls
  coord     force
 -----------------------------
   1      0.1084733
   2      0.1031271
   3      0.2575963


  ***  Input Hessian matrix at current geom.:
  ----------------------------------------
   ---> source: WORK/hessian
            1         2         3
   1   23.194932  -0.302648  0.034294 
   2   -0.302648  7.159875  0.006085 
   3   0.034294  0.006085  0.374336 



  ***  Data from RGF program:  ***

  ***  Hessian matrix used in RGF (at current geom.):
   * signature of hessian:  2+  1-  0=
   * RGF program using:  === updated Hessian ===
  --------------------------------
   ---> source: WORK/message.rgf
           1        2        3
   1   21.96925  -0.06152  0.67205
   2   -0.06152  4.91610  0.95175
   3   0.67205  0.95175  -0.48320

 >>>  Performed RGF calculations  <<<

  RGF end mark:
     --> PREDICTOR step executed, next HESSIAN will be UPDATED.


 *************************************************
   RGF protocol for iteration: 16

  ----------------------------------

  System with 3 internal coordinated detected

  Total energy: -92.7243336319 
 a.u.



  ***  RGF input file echo:  ***

  ***  Geometries:
   ---> source: WORK/cart2intls
  coord      current          change           next
 ------------------------------------------------------
   1       1.19298966      -0.00350923       1.18948043
   2       1.20733733      0.03790494       1.24524227
   3       1.14709771      0.00458709       1.15168480


  ***  Forces at current geom.:
   ---> source: WORK/cart2intls
  coord     force
 -----------------------------
   1      -0.1026405
   2      0.1479191
   3      -0.0544141


  ***  Input Hessian matrix at current geom.:
  ----------------------------------------
   ---> source: WORK/hessian
            1         2         3
   1   23.194932  -0.302648  0.034294 
   2   -0.302648  7.159875  0.006085 
   3   0.034294  0.006085  0.374336 



  ***  Data from RGF program:  ***

  ***  Hessian matrix used in RGF (at current geom.):
   * signature of hessian:  2+  1-  0=
   * RGF program using:  === updated Hessian ===
  --------------------------------
   ---> source: WORK/message.rgf
           1        2        3
   1   21.89507  0.10929  0.38104
   2   0.10929  4.59710  1.37919
   3   0.38104  1.37919  -0.83258

 >>>  Performed RGF calculations  <<<

  RGF end mark:
     --> CORRECTOR step executed, next HESSIAN will be UPDATED.


 *************************************************
   RGF protocol for iteration: 17

  ----------------------------------

  System with 3 internal coordinated detected

  Total energy: -92.7249877682 
 a.u.



  ***  RGF input file echo:  ***

  ***  Geometries:
   ---> source: WORK/cart2intls
  coord      current          change           next
 ------------------------------------------------------
   1       1.18948043      -0.00010873       1.18937170
   2       1.24524227      0.01362597       1.25886824
   3       1.15168480      0.00653541       1.15822021


  ***  Forces at current geom.:
   ---> source: WORK/cart2intls
  coord     force
 -----------------------------
   1      -0.0354727
   2      0.0135950
   3      -0.1113630


  ***  Input Hessian matrix at current geom.:
  ----------------------------------------
   ---> source: WORK/hessian
            1         2         3
   1   23.194932  -0.302648  0.034294 
   2   -0.302648  7.159875  0.006085 
   3   0.034294  0.006085  0.374336 



  ***  Data from RGF program:  ***

  ***  Hessian matrix used in RGF (at current geom.):
   * signature of hessian:  2+  1-  0=
   * RGF program using:  === updated Hessian ===
  --------------------------------
   ---> source: WORK/message.rgf
           1        2        3
   1   21.88570  0.22189  0.36036
   2   0.22189  3.24492  1.62706
   3   0.36036  1.62706  -0.87675

 >>>  Performed RGF calculations  <<<

  RGF end mark:
     --> CORRECTOR step executed, next HESSIAN will be UPDATED.


 *************************************************
   RGF protocol for iteration: 18

  ----------------------------------

  System with 3 internal coordinated detected

  Total energy: -92.7247729976 
 a.u.



  ***  RGF input file echo:  ***

  ***  Geometries:
   ---> source: WORK/cart2intls
  coord      current          change           next
 ------------------------------------------------------
   1       1.18937170      0.00041459       1.18978629
   2       1.25886824      0.00172187       1.26059011
   3       1.15822021      0.00096964       1.15918985


  ***  Forces at current geom.:
   ---> source: WORK/cart2intls
  coord     force
 -----------------------------
   1      -0.0300887
   2      -0.0361909
   3      -0.1278176


  ***  Input Hessian matrix at current geom.:
  ----------------------------------------
   ---> source: WORK/hessian
            1         2         3
   1   23.194932  -0.302648  0.034294 
   2   -0.302648  7.159875  0.006085 
   3   0.034294  0.006085  0.374336 



  ***  Data from RGF program:  ***

  ***  Hessian matrix used in RGF (at current geom.):
   * signature of hessian:  2+  1-  0=
   * RGF program using:  === updated Hessian ===
  --------------------------------
   ---> source: WORK/message.rgf
           1        2        3
   1   21.67525  -0.30266  0.17172
   2   -0.30266  2.69036  1.51620
   3   0.17172  1.51620  -0.87434

 >>>  Performed RGF calculations  <<<

  RGF end mark:
     --> CORRECTOR step executed, next HESSIAN will be UPDATED.


 *************************************************
   RGF protocol for iteration: 19

  ----------------------------------

  System with 3 internal coordinated detected

  Total energy: -92.7247256633 
 a.u.



  ***  RGF input file echo:  ***

  ***  Geometries:
   ---> source: WORK/cart2intls
  coord      current          change           next
 ------------------------------------------------------
   1       1.18978629      0.00008384       1.18987013
   2       1.26059011      -0.00000195       1.26058816
   3       1.15918985      -0.00003703       1.15915282


  ***  Forces at current geom.:
   ---> source: WORK/cart2intls
  coord     force
 -----------------------------
   1      -0.0369106
   2      -0.0423575
   3      -0.1296814


  ***  Input Hessian matrix at current geom.:
  ----------------------------------------
   ---> source: WORK/hessian
            1         2         3
   1   23.194932  -0.302648  0.034294 
   2   -0.302648  7.159875  0.006085 
   3   0.034294  0.006085  0.374336 



  ***  Data from RGF program:  ***

  ***  Hessian matrix used in RGF (at current geom.):
   * signature of hessian:  2+  1-  0=
   * RGF program using:  === updated Hessian ===
  --------------------------------
   ---> source: WORK/message.rgf
           1        2        3
   1   21.21556  -1.02913  -0.24919
   2   -1.02913  2.84755  1.57302
   3   -0.24919  1.57302  -0.86036

 >>>  Performed RGF calculations  <<<

  RGF end mark:
     --> CORRECTOR step executed, next HESSIAN will be UPDATED.


 *************************************************
   RGF protocol for iteration: 20

  ----------------------------------

  System with 3 internal coordinated detected

  Total energy: -92.7247260598 
 a.u.



  ***  RGF input file echo:  ***

  ***  Geometries:
   ---> source: WORK/cart2intls
  coord      current          change           next
 ------------------------------------------------------
   1       1.18987013      0.01233600       1.20220613
   2       1.26058816      0.20293317       1.46352133
   3       1.15915282      -0.24782161       0.91133121


  ***  Forces at current geom.:
   ---> source: WORK/cart2intls
  coord     force
 -----------------------------
   1      -0.0383887
   2      -0.0422789
   3      -0.1296940


  ***  Input Hessian matrix at current geom.:
  ----------------------------------------
   ---> source: WORK/hessian
            1         2         3
   1   23.194932  -0.302648  0.034294 
   2   -0.302648  7.159875  0.006085 
   3   0.034294  0.006085  0.374336 



  ***  Data from RGF program:  ***

  ***  Hessian matrix used in RGF (at current geom.):
   * signature of hessian:  2+  1-  0=
   * RGF program using:  === updated Hessian ===
  --------------------------------
   ---> source: WORK/message.rgf
           1        2        3
   1   17.06520  -0.19774  0.05995
   2   -0.19774  2.68444  1.50397
   3   0.05995  1.50397  -0.86861

 >>>  Performed RGF calculations  <<<

  RGF end mark:
     --> Stopping criterion satisfied

